12.2
12.4
13.2
13.4
14.2
14.4
14.6
14.8
15.0
16.0
17.0
17.5
18.0
18.2
18.4
18.6
19.8
21.0
21.2
21.4
23.0
23.4
23.8
24.2
24.6
25.0
27.8
28.0
28.2
29.8
30.2
30.7
31.0
31.6
32.0
32.8
34.5
34.8
35.0
35.3
35.7
41.2
41.4
41.8
42.0
47.8
48.0
48.2
48.4
48.6
49.0
49.8
51.0
51.8
54.0
55.0
56.0
57.0
58.0
58.5
60.0
60.4
60.8
61.2
66.0
66.3
66.6
66.9
68.3
68.6
68.9
69.5
69.9
70.3
70.6
70.9
72.7
73.0
73.3
73.6
74.3
74.6
74.9
75.8
76.4
76.6
76.8
77.0
79.0
79.3
79.6
79.9
81.0
81.3
81.5
82.0
82.5
83.0
83.5
84.5

106.0
106.5
107.0
107.5


















